181559
749260
999797
848539
391356
750730
758028
282072
383671
442164
265855
129483
938940
801486
733266
756038
236178
913892
583799
858640
244679
209030
186327
419241
630222
223670
276118
528224
777398
731497
268454
928844
913248
602201
742335
735351
885471
836138
653460
649202
707477
149303
220498
199663
313800
892413
354106
838210
260252
773339
111982
353940
153620
334045
838562
361136
627861
219480
266316
102152
308312
161328
654752
122620
580240
175915
414853
365627
249811
286599
124623
861376
147400
373427
188613
407986
726646
857984
766777
416689
369141
109693
581345
277952
125016
143275
902178
524794
354794
680728
461608
286643
404186
754174
616971
537657
109743
579520
577634
752571
